"presence","fold","bio04","bio08","bio10","bio16","bio18","forest","urban"
0,3,140.848178294574,9.45317829457364,9.76658914728682,164.289147286822,156.289147286822,0,0
0,1,64.8595623342175,5.93076923076923,21.3818302387268,417.696286472148,24.7493368700265,1,0
0,1,87.0228758949881,0.587589498806683,20.4994033412888,332.226730310263,271.103818615752,0,1
0,3,27.7317165354331,18.4357480314961,19.4382677165354,296.020472440945,207.883464566929,0,0
1,2,43.6628706199461,13.3871967654987,23.9735849056604,125.196765498652,28.599730458221,0,1
0,3,97.2344827586207,17.5391954022989,17.89,286.552873563218,285.850574712644,1,0
0,2,110.909477777778,16.7351111111111,18.0247777777778,308.963333333333,298.241111111111,1,0
0,2,141.237780149413,9.41739594450374,9.71739594450374,165,156,0,0
1,1,56.8920179948586,1.02622107969152,14.8458868894602,419.323907455013,38.3753213367609,1,0
0,2,85.4152551020408,20.7202806122449,22.7770408163265,283.108418367347,279.108418367347,1,0
0,2,121.176924686192,16.9643305439331,19.3995815899582,211.088912133891,209.175732217573,0,0
1,3,49.5905813953488,7.77894056847545,20.1023255813954,624.700258397933,20.7416020671835,0,0
1,1,51.6908798882682,11.4560055865922,24.0391061452514,194.972067039106,19.0027932960894,0,1
1,1,51.3713596491228,5.22357456140351,17.9253289473684,553.377192982456,69.0328947368421,0,1
0,1,95.6314316939891,-3.98295081967213,17.5650273224044,325.318032786885,268.318032786885,1,0
1,2,64.139250317662,8.1,24.2010165184244,371.002541296061,18.0914866581957,0,1
0,2,120.79516298633,16.9056782334385,19.3394321766561,214.46792849632,213.46792849632,0,0
1,1,63.2042931937173,5.02395287958115,20.1557591623037,444.36387434555,27.3232984293194,1,0
0,1,88.7362782401902,4.22271105826397,20.5667063020214,325.027348394768,272.399524375743,0,1
0,3,82.8298563535912,0.557790055248619,21.2306077348066,112.265193370166,42,0,1
1,2,37.8261035758323,6.41454993834772,15.4454993834772,990.451294697904,56.766954377312,1,0
0,2,96.5586899038462,21.6954326923077,21.6954326923077,260.836538461539,260.836538461539,0,1
0,3,92.6101134930643,9.9,23.2519546027743,139.852459016393,70,0,0
0,3,112.717069085834,10.2099790648988,10.2099790648988,145.926727145848,145.926727145848,1,0
1,3,37.4282772020725,9.40971502590674,18.6436528497409,540.519430051814,14.2823834196891,0,1
0,2,64.9292514124294,24.650988700565,25.4,243.790960451977,204.672316384181,0,0
0,2,50.4947091412742,11.9174515235457,24.1740997229917,173.175900277008,19.4764542936288,0,0
1,3,90.5048462484625,9.6530135301353,22.4974169741697,149.081180811808,71,0,1
0,1,43.9260088365243,27.4,27.4,593.434462444772,591.067746686303,0,0
0,1,57.1283076923077,1.17371794871795,15.0515384615385,421.032051282051,37.898717948718,1,0
0,2,21.1415865384615,16.6405448717949,17.6275641025641,496.602564102564,238.108974358974,0,1
0,3,45.7902557544757,28.5,28.8,295.734015345269,210.772378516624,0,0
0,3,98.1839909808343,1.07429537767756,18.0943630214205,328.108229988726,307.349492671928,1,0
1,3,44.6101301301301,1.56656656656657,12.1638638638639,920.93993993994,232.102102102102,1,0
1,3,33.8861764705882,9.94245524296675,18.4897698209719,295.166240409207,8.55626598465473,0,1
1,2,42.878828229028,13.3505992010652,23.7213049267643,122.109187749667,29.0559254327563,0,1
0,1,58.06,26.9721139430285,29.8688155922039,310.826086956522,219.497751124438,0,0
1,2,35.9210010881393,5.32426550598477,13.8842219804135,1275.10446137106,316.268770402611,1,0
0,2,67.6550988700565,26.5364406779661,27.1576271186441,200.024011299435,167.024011299435,0,0
0,3,92.7854181818182,16.8701818181818,19.0346666666667,302.88,302.061818181818,1,0
0,2,25.3697310126582,22.2674050632911,22.7416139240506,206.221518987342,141.552215189873,0,0
0,1,95.5316387559809,21.3885167464115,21.3885167464115,261,261,0,0
0,3,84.0877555555556,0.239555555555556,21.4,107.734444444444,40,0,0
0,2,80.9827260981912,13.6284237726098,23.8129198966408,394.673126614987,306.736434108527,0,1
0,3,100.281269461078,22.0726946107784,22.0726946107784,302.719760479042,302.719760479042,0,1
0,2,44.5817914831131,27.3069016152717,27.3906020558003,524.016152716593,503.080763582966,0,1
0,3,75.3475935828877,24.8251336898396,24.8251336898396,334.351604278075,334.351604278075,0,1
1,2,36.7236122177955,7.06772908366534,16.1405046480744,372.827357237716,14.9096945551129,0,0
1,2,51.3913778256189,3.20818083961249,15.6935414424112,1161.19698600646,174.551130247578,1,0
0,1,50.2997010463378,25.121375186846,27.2122571001495,467.742899850523,368.029895366218,0,0
0,3,99.574246079614,22.2,22.2,300,300,0,1
1,1,53.3685397784491,3.46435045317221,16.5673716012085,637.743202416919,166.928499496475,0,0
0,1,94.7246925972397,20.6,22.6,318.38895859473,299.38895859473,0,1
1,1,45.9300956284153,12.146174863388,23.4617486338798,254.281420765027,14.8825136612022,0,1
1,3,34.2111084337349,7.2955421686747,15.6297590361446,770.386746987952,61.9421686746988,1,0
0,1,80.3999927797834,7.1971119133574,11.3971119133574,226.618772563177,144.108303249097,1,0
0,2,94.1526293103448,-3.64773706896552,17.4,343.852370689655,267.689655172414,0,1
0,3,109.084008762322,15.886308871851,17.0759036144578,300,299,0,0
0,2,17.7585874799358,14.7158908507223,15.3239165329053,593.956661316212,296.894060995185,0,0
1,2,40.352603960396,3.36316831683168,12.9925742574257,962.933663366337,258.268316831683,1,0
1,3,82.8091251384275,-0.150276854928018,20.5372093023256,142.996677740864,46.0520487264673,0,1
1,1,51.4629087261785,3.74012036108325,16.3143430290873,564.964894684052,139.802407221665,0,1
0,2,61.0070317002882,26.7622478386167,27,546.864553314121,539,0,0
0,2,79.166931359354,23.8973082099596,25.6095558546433,200.707940780619,189.907133243607,0,1
0,3,92.6900483091788,16.9420289855072,19.1329710144928,303.057971014493,302.400966183575,1,0
0,1,49.833223880597,25.4232835820896,27.7410447761194,255.155223880597,169.9,0,1
1,1,57.8180900409277,6.25525238744884,20.3021828103684,382.832196452933,49.2046384720327,1,0
0,1,109.457775061125,20.0960880195599,22.0015892420538,335.771393643032,335.039119804401,0,1
0,1,100.759427148194,22.2495641344956,24.659900373599,355.118306351183,325.377334993773,0,0
0,2,110.633373893805,16.7651548672566,18.0241150442478,308.651548672566,297.004424778761,0,0
0,2,45.9938799414349,27.2461200585652,27.2461200585652,532.682284040996,532.313323572474,0,1
0,2,108.087481840194,20.5675544794189,22.6136803874092,323.400726392252,322.076271186441,0,1
0,1,67.7148863636363,9.7640625,27.1696022727273,420.946022727273,337.190340909091,1,0
1,3,67.3206955380577,8.9753280839895,24.7402887139108,164.87532808399,6.35433070866142,0,0
1,1,67.96656,9.20333333333333,24.9773333333333,240.604,5,0,0
0,3,82.2126755852843,0.473244147157191,21.1494983277592,90.2764771460424,40,0,1
0,2,141.308829902492,9.43521126760563,9.73521126760564,165,156,0,0
0,3,96.568893129771,22.3868956743003,24.5187022900763,371.132315521629,347.263358778626,1,0
0,3,83.119778761062,0.347898230088496,21.2423672566372,106.610619469027,40.8595132743363,0,1
0,3,82.4448390677025,0.48534961154273,21.1962264150943,91.6970033296337,40,0,0
0,3,83.226781354051,0.362153163152053,21.2621531631521,114.207547169811,41,0,1
0,3,83.2694130675526,0.5,21.3335548172757,117.429678848284,42.312292358804,0,1
0,3,141.05014683153,9.34250386398764,9.62619783616692,164,155,0,0
0,3,140.903638573744,9.4757698541329,9.79189627228525,164.488654781199,156.488654781199,0,0
0,2,88.2048454545455,13.441,13.441,205.364545454545,205.364545454545,1,0
0,3,99.4184268292683,22,22,301.710975609756,301.710975609756,0,1
0,3,91.7240302267003,9.85125944584383,23.0090680100756,143.372795969773,70,0,1
0,3,148.055299347955,14.4479549496147,14.4479549496147,138.244813278008,138.244813278008,0,0
0,3,82.8001997780244,0.4,21.1825749167592,108.380688124306,41,0,1
1,1,57.6459958506224,3.3399377593361,14.245020746888,1045.27904564315,287.405601659751,1,0
0,3,91.7574470734745,9.8587795765878,23.0551681195517,143.947696139477,71,0,0
1,1,67.7822149410223,8.8735255570118,24.7273918741809,268.906946264744,6,0,0
0,1,111.054751929438,16.1805953693495,17.4183020948181,313.148842337376,308.631753031974,1,0
1,1,60.0654204398448,2.96507115135834,17.4399741267788,529.323415265201,32.8926261319534,1,0
0,2,94.9016395222584,-3.9028230184582,17.4048859934853,344.522258414767,269.028230184582,0,1
0,2,81.5719120654397,14.3406952965235,16.5406952965235,154.529652351738,138,0,0
0,3,77.6530814524043,-2.2360157016683,16.8976447497547,455.021589793916,115.638861629048,1,0
0,3,82.8373503325942,0.364966740576497,21.1123059866962,113.412416851441,41,0,1
0,3,83.2749336283186,0.349115044247788,21.2379424778761,112.383849557522,41,0,0
0,3,106.380590200445,18.2070155902004,19.3766146993318,270.102449888641,266.04008908686,0,0
0,2,62.52342291372,26.9076379066478,26.9076379066478,397.46676096181,397.46676096181,1,0
0,1,71.6768282548477,9.13005540166205,26.0601108033241,437.63296398892,333.353185595568,1,0
1,2,56.2043857758621,2.25840517241379,15.8927801724138,1234.44073275862,153.355603448276,1,0
0,2,84.2338643702906,14.5313240043057,16.9452099031216,118.449946178687,105.449946178687,0,0
1,1,58.6487768817204,6.0255376344086,20.2865591397849,378.799731182796,52.5241935483871,0,0
0,1,87.249406175772,0.8,20.8111638954869,323.388361045131,262,0,0
1,2,49.6065410497981,11.5592193808883,23.6522207267833,204.979811574697,19.1911170928668,0,1
1,3,36.1136233766234,10.0166233766234,18.7709090909091,596.363636363636,13.6662337662338,0,1
0,2,107.671409313725,20.5960784313726,22.6702205882353,322.769607843137,321.263480392157,0,1
1,2,58.6817971758665,8.26251604621309,23.0124518613607,266.222079589217,5.93196405648267,0,1
1,3,26.8729663212435,10.1287564766839,16.6961139896373,338.301813471503,13.3717616580311,1,0
0,3,76.0240211640211,23.9378306878307,24.5337301587302,367.636243386243,364.669312169312,0,1
0,1,84.8360969387755,23.5071428571429,23.5071428571429,302.669642857143,302.669642857143,0,0
0,2,95.8665731707317,20.7753658536585,20.7753658536585,246.984146341463,246.984146341463,0,1
0,3,83.3499889012209,0.6,21.4120976692564,117.11320754717,42.6359600443951,0,1
0,3,82.6333555555556,0.5,21.2455555555556,91.4066666666667,40,0,0
1,2,33.5155902004454,7.49209354120267,15.5130289532294,781.447661469933,78.6759465478842,1,0
0,1,111.123710208562,16.2290889132821,17.4732162458836,312.950603732162,308.31613611416,1,0
0,2,44.0843740795287,27.3502209131075,27.3701030927835,522.00441826215,518.027982326951,0,1
0,1,65.6352865329513,22.7246418338109,26.9829512893983,271,209.836676217765,0,0
1,2,52.8730303030303,7.39002525252525,20.2667929292929,610.574494949495,27.4090909090909,0,0
0,3,97.4112035995501,0.682452193475815,17.5467941507312,344.352080989876,319.670416197975,1,0
0,1,70.6692896935933,9.7,26.2,432.636490250696,312,0,0
0,1,51.8063541666667,24.4790178571428,27.0928571428571,129.505952380952,89.7529761904762,0,0
0,3,99.4156793145655,22.0179926560588,22.0179926560588,301.231334149327,301.231334149327,0,1
0,3,71.4599859353024,22.8091420534459,27.8330520393812,310.682137834037,194.135021097046,0,0
0,2,47.8742995839112,13.2065187239945,24.7292649098474,136.804438280166,19.0651872399445,0,1
0,2,43.8620053475936,13.3447860962567,23.9743315508021,122.562834224599,30.0093582887701,0,1
0,2,20.4884935897436,17.7663461538462,18.0870192307692,352.929487179487,189.528846153846,0,1
0,2,20.1745352564103,16.5980769230769,17.0408653846154,433.429487179487,225.99358974359,0,0
0,1,25.7094753577107,21.6531001589825,22.2585055643879,242.721780604134,152.160572337043,0,0
0,3,77.0513064833006,-2.49813359528487,16.5318271119843,432.957760314342,114.777996070727,1,0
1,2,51.640482832618,3.33648068669528,15.8669527896996,1154.76072961373,173.3830472103,1,0
1,3,42.2412487309645,4.16192893401015,14.3591878172589,530.328934010152,92.7502538071066,1,0
0,1,94.4637198622273,19.2668197474168,20.0247990815155,222.794489092997,217.83122847302,0,1
1,1,57.0196927016645,1.02599231754161,14.8661971830986,417.060179257363,38.291933418694,1,0
0,3,91.07869297164,9.8,22.8468557336622,152.059186189889,71,0,1
0,3,97.9501012373454,0.980877390326209,17.9780652418448,333.590551181102,310.299212598425,1,0
1,1,67.8936036036036,9.13281853281853,24.9431145431145,248.11583011583,5.28700128700129,0,0
0,1,83.4812453300125,23.3702366127024,23.3702366127024,303.352428393524,303.352428393524,0,1
0,3,112.048688172043,10.9254480286738,11.8553405017921,108.853046594982,108.189964157706,1,0
0,1,71.5908251748252,9.22167832167832,26.0855944055944,437.451748251748,328.566433566434,1,0
0,3,147.757092407298,14.3224249558564,14.3224249558564,139.214243672749,139.214243672749,1,0
0,1,46.3662079062958,27.3,27.3,535.415812591508,535.415812591508,0,1
1,1,39.9474137931034,8.68395225464191,18.6159151193634,475.644562334217,15.920424403183,1,0
0,2,141.487497921862,9.49675810473815,9.79675810473815,165,156,0,0
0,2,56.2358029978587,2.24625267665953,15.9087794432548,1233.88758029979,152.886509635974,1,0
0,2,44.8966470588235,27.3904411764706,27.3935294117647,526.520588235294,525.902941176471,0,1
0,2,113.250900621118,17.6099378881988,20.2099378881988,149,134,0,0
1,2,48.8429338842975,12.7721763085399,24.5968319559229,149.679063360882,18.1790633608815,0,1
0,3,83.2992580287929,0.3,21.2088593576966,113.554817275748,41,0,0
1,2,50.7800402684564,11.8873825503356,24.2148993288591,173.422818791946,19.0671140939597,0,1
0,3,25.9898738170347,21.2020504731861,21.9883280757098,405.285488958991,234.891167192429,1,0
0,3,83.311820199778,0.339733629300777,21.2463928967814,113.110987791343,41,0,0
0,3,98.196036036036,1.09932432432432,18.1280405405405,328.154279279279,306.445945945946,1,0
1,3,40.4675,9.24028497409327,19.3186528497409,395.683937823834,15.3186528497409,1,0
0,1,115.392633209418,10.9122676579926,10.9122676579926,207.182156133829,207.182156133829,0,0
0,3,83.2946298342542,0.3,21.2932596685083,105.824309392265,40.2596685082873,0,1
1,2,42.430027100271,13.3186991869919,23.5944444444444,132.422764227642,27.5420054200542,0,1
1,2,60.276035131744,8.6,23.8887076537014,263.868255959849,9,0,1
0,2,20.419664,17.68608,17.90128,452.1392,259.6144,0,1
0,3,83.305383759733,0.516351501668521,21.4,117.246941045606,42.3181312569522,0,1
0,2,94.347019438445,-3.63358531317495,17.5011879049676,340.225701943845,266.109071274298,1,0
0,3,83.2385540838852,0.171192052980132,21.0381898454746,121.806843267108,42.4690949227373,0,0
0,3,99.4425903614458,22.2007228915663,22.2007228915663,300,300,0,1
0,2,62.0503552397869,26.8,27.1,533.001776198934,511.98756660746,0,1
1,2,37.1441509433962,6.79056603773585,13.6811320754717,984.622641509434,386.905660377359,1,0
0,3,99.6544609665428,22.1887236679058,24.6185873605948,353.852540272615,324.685254027262,0,0
0,2,120.697957894737,16.9469473684211,19.4,215.046315789474,214,0,0
1,1,40.2946957671958,8.56084656084656,18.5566137566138,474.958994708995,16.4338624338624,1,0
0,2,61.4146232439336,8.75351213282248,23.9450830140485,302.697318007663,12.6168582375479,0,1
1,3,90.8128109452736,9.76069651741294,22.7601990049751,148.455223880597,70,0,1
0,2,85.2787974683544,20.4963291139241,22.5788607594937,285.143037974684,280.951898734177,0,0
0,2,61.5975783475783,26.767094017094,27,540.371794871795,529.07264957265,0,0
0,1,99.274972796518,0.9,17.7151251360174,307.400435255713,263.151251360174,1,0
1,2,50.9504501607717,3.12990353697749,15.5102893890675,1145.56806002144,175.468381564845,1,0
0,3,100.203201911589,22.1930704898447,22.1930704898447,302.011947431302,302.011947431302,0,1
1,1,39.2953350515464,8.5895618556701,18.2807989690722,471.170103092783,17,1,0
0,1,69.1194965986395,25.4006802721088,25.4006802721088,485.887074829932,485.887074829932,1,0
0,2,48.1125697503671,26.83906020558,26.83906020558,565.176211453745,565.176211453745,0,1
0,3,83.2871491712707,0.292707182320442,21.1927071823204,116.491712707182,41,0,1
0,2,86.2566636363637,12.5089090909091,12.5089090909091,211.963636363636,211.963636363636,1,0
0,2,45.8714537444934,27.2787077826725,27.2787077826725,532.140969162996,526.237885462555,0,1
1,2,50.2195582329317,3.37158634538153,15.5407630522088,892.610441767068,154.035140562249,0,0
1,1,57.9029834254144,2.56475138121547,16.8280662983425,875.837569060773,121.32044198895,1,0
1,3,33.9243958868895,8.81401028277635,17.0401028277635,547.739074550129,28.245501285347,1,0
1,2,55.9184532760473,1.90118152524168,15.4737916219119,1215.67669172932,156.107411385607,1,0
1,3,83.7655764966741,0.781374722838138,21.6525498891353,121.854767184035,43,0,1
0,1,57.1791413474241,1.04834874504624,14.9414795244386,410.507265521797,38.4966974900925,1,0
1,1,35.043373015873,8.89867724867725,17.5816137566138,453.441798941799,17.2010582010582,1,0
0,2,110.475855949896,17.5828810020877,20.237369519833,151.525052192067,133.670146137787,0,0
0,1,67.5410749646393,10.5992927864215,26.3758132956153,458.01414427157,356.939179632249,0,0
1,2,35.8765217391304,5.41014492753623,13.9405797101449,1292.89855072464,318.797101449275,1,0
0,3,99.8202028639618,22.1,22.1,301.85799522673,301.85799522673,0,1
0,2,20.675264,17.6976,18.04736,373.0096,197.7936,0,1
0,1,87.2431515151515,0.747636363636364,20.7580606060606,326.546666666667,261.082424242424,0,1
0,3,83.239635359116,0.390386740331492,21.2903867403315,112.991160220994,41,0,1
0,2,43.7015477792732,12.8153432032301,23.500134589502,169.080753701211,24.6271870794078,0,1
0,2,52.9829855072464,26.6433333333333,26.6433333333333,530.31884057971,530.31884057971,1,0
0,1,92.1629351969505,18.4047013977128,21.1925031766201,227.095298602287,193.095298602287,0,0
0,2,81.7037997957099,14.367620020429,16.5993871297242,155.201225740552,138.560776302349,0,0
0,3,109.361174496644,18.2021252796421,19.2390380313199,243,241,0,1
1,1,44.8893243243243,23.1276276276276,24.9244744744745,335.397897897898,255.316816816817,0,0
0,3,99.39,22.0108173076923,22.0108173076923,301,301,0,1
0,2,20.4109455128205,17.7754807692308,18.01875,347.544871794872,214.81891025641,0,1
0,2,62.4575988700565,13.9303672316384,26.9031073446328,396.817796610169,395.803672316384,1,0
1,2,61.6810465116279,8.42842377260982,23.9010335917313,336.704134366925,14.187338501292,0,0
1,2,62.1562388818297,6.39479034307497,21.9869123252859,631.850063532401,17.4879288437103,1,0
0,1,78.8437447988904,22.1058252427184,27.8690707350902,339.058252427185,210.067961165049,0,1
1,1,59.9648067010309,-1.85193298969072,13.0478092783505,197.103092783505,39.2615979381443,0,0
1,1,38.0697446236559,13.0552419354839,22.5356182795699,259.184139784946,12.4005376344086,0,0
0,2,121.226821052632,16.9361052631579,19.3906315789474,211.142105263158,209.142105263158,0,0
0,1,84.6997326852977,17.0573511543135,19.6573511543135,168.081409477521,143,0,0
1,3,45.3770728643216,8.81683417085427,20.2673366834171,384.986180904523,11.9723618090452,0,1
0,1,52.2026276276276,26.307957957958,27.9842342342342,496.747747747748,401.98048048048,0,0
0,2,83.6958838383838,19.102904040404,21.0717171717172,302.973484848485,295.243686868687,1,0
0,3,94.6579875776397,20.3,22.3,315.998757763975,299.998757763975,0,1
0,3,90.2344063647491,9.49339045287638,22.3137086903305,152.723378212974,71.3365973072215,0,1
1,2,35.8845828571429,5.34102857142857,13.8841142857143,1274.67657142857,316.212571428571,1,0
0,2,44.4069264705882,27.0158823529412,27.1063235294118,558.919117647059,558.373529411765,0,0
0,2,62.6781534090909,12.3157670454545,26.9,396.646306818182,395.247159090909,1,0
0,3,100.370191846523,22.2,22.2,302,302,0,1
1,2,50.9734086021505,3.48935483870968,15.8997849462366,1089.0247311828,170.997849462366,1,0
0,2,43.0121597633136,27.3235207100592,27.3754437869822,534.224852071006,505.998520710059,0,0
0,2,43.2456784660767,27.3678466076696,27.4514749262537,529.541297935103,507.676991150442,0,0
0,1,53.1142324888226,25.8107302533532,28.3342771982116,412.739195230998,322.067064083457,0,0
0,3,82.3063504464286,0.477008928571429,21.15859375,91.2075892857143,40,0,1
0,1,86.9341516245487,0.513116726835138,20.4078219013237,334.523465703971,277.111913357401,1,0
1,3,63.5765107458913,-0.114917825537295,15.8485461441214,487.085967130215,44.4285714285714,1,0
0,2,75.8480332056194,16.4283524904215,18.1051085568327,325.151979565773,311.518518518518,1,0
1,2,81.6092339121553,14.3744637385087,16.5744637385087,154.533197139939,138,0,0
0,3,90.0908647450111,9.90742793791575,16.7,236.205099778271,207.559866962306,1,0
0,1,86.1630787589499,0.973747016706444,20.6937947494033,329.645584725537,261.315035799523,0,1
1,2,81.0336680327869,14.4765368852459,16.6765368852459,155,138,0,1
1,1,29.0452168367347,9.56135204081633,16.899362244898,393.079081632653,15.468112244898,1,0
0,3,99.7305154639175,18.5706758304696,19.7175257731959,284.348224513173,282.119129438717,1,0
0,3,83.6815138121547,0.3,21.4,107.375690607735,40,0,0
0,3,83.2281132075472,0.4,21.2780244173141,115.108768035516,41,0,1
0,3,82.3339377085651,0.500889877641824,21.220022246941,90.4282536151279,40,0,0
0,3,147.75703087886,14.3589667458432,14.3589667458432,139.067695961995,139.067695961995,1,0
0,1,86.0306329113924,22.353670886076,23.0779746835443,307.240506329114,302.767088607595,0,1
0,2,76.2665151515152,30.5252066115702,30.9022038567493,92.4765840220386,73.9338842975207,0,1
1,1,50.2415396113602,25.4113602391629,27.9240657698057,308.113602391629,219.727952167414,0,1
0,3,25.0585031847134,20.2988853503185,21.746178343949,434.679936305732,168.43152866242,0,0
1,2,45.7566759388039,13.4,24.4735744089013,126.579972183588,25.4645340751043,0,0
0,1,67.6441384180791,10.6,26.3639830508475,458,356.088983050847,0,0
0,1,109.304514218009,20.1150473933649,22.0150473933649,335.440758293839,334.063981042654,0,1
1,2,63.6874441687345,8.09937965260546,23.4699751861042,606.741935483871,23.1104218362283,1,0
0,3,82.978765294772,0.4,21.1968854282536,114.088987764182,41.5906562847609,0,1
1,1,28.5663813229572,9.51037613488975,16.6875486381323,391.05317769131,15.3929961089494,1,0
1,2,59.8691208791209,2.58379120879121,17.1251373626374,398.821428571429,44.3804945054945,1,0
0,1,18.7206730769231,15.5121794871795,16.1475961538461,515.192307692308,254.919871794872,0,0
0,3,83.8918161683278,0.289700996677741,21.4,107.012181616833,40,0,0
1,3,91.4097270471464,9.8,22.9858560794045,144,70,0,1
0,2,120.926701570681,17.1980104712042,19.597277486911,212.277486910995,211.485863874346,0,0
0,2,141.325689789556,9.45463756819953,9.75463756819953,165,156,0,0
0,1,16.250884244373,19.888424437299,22.4400321543408,932.540192926045,357.554662379421,1,0
0,1,111.024796479648,16.1797579757976,17.4205720572057,313.2200220022,308.623762376238,1,0
1,3,91.559786163522,9.86905660377358,23.0431446540881,146.901886792453,70.9534591194969,0,0
0,1,130.070252365931,13.0565299684543,13.0565299684543,171,171,1,0
1,3,40.0076455696203,8.88050632911392,18.8840506329114,473.524050632911,16,0,1
1,2,37.729375696767,6.53634336677815,13.5627647714604,999.671125975474,386.503901895206,0,0
0,1,129.954007585335,13.0687737041719,13.0687737041719,171.523388116308,171.523388116308,1,0
1,2,51.7259247311828,3.75784946236559,16.315376344086,1089.68387096774,168.959139784946,1,0
1,1,53.0558384458078,3.8579754601227,16.7853783231084,561.405930470348,133.328220858896,1,0
0,1,82.3848516746411,9.2756937799043,10.9207655502392,193.392344497608,193.38947368421,1,0
0,2,93.6477262931035,-3.44148706896552,17.4130387931034,340.17025862069,265.739224137931,0,1
0,2,45.5008491947291,27.2428989751098,27.2428989751098,534.188872620791,525.685212298682,0,1
0,3,63.2181053698075,1.42310030395137,16.8739614994934,791.359675785208,122.103343465046,0,0
0,1,86.9845389221557,0.6,20.5,332.843113772455,271.837125748503,0,0
1,1,40.516203821656,9.62305732484077,19.8977070063694,316.48152866242,10.1643312101911,0,1
1,3,66.8161154855643,8.30669291338583,24.0479002624672,163.219160104987,10.5183727034121,0,0
0,2,107.211748502994,20.7,22.8,321.081437125749,320.081437125749,0,1
0,1,87.2398929845422,0.524851367419738,20.521046373365,333.643281807372,275.84661117717,0,1
0,1,50.9838451268358,11.9696929238985,24.2798397863818,170.659546061415,19,0,1
1,1,41.890633299285,4.61266598569969,14.6806945863126,455.755873340143,74.0898876404494,1,0
0,2,82.1483,22.4,23.0865,314,308,0,0
0,2,59.256360103627,-5.01787564766839,9.41735751295337,176.65932642487,68.7525906735751,0,0
0,3,108.895223555071,15.8758996728462,17,299.196292257361,298,0,0
0,1,87.2030471584039,0.8,20.816807738815,323,260.684401451028,0,0
0,1,85.0975447570332,23.8343989769821,23.8343989769821,299.580562659847,299.580562659847,0,1
0,2,20.6995853269537,17.7736842105263,18.155980861244,441.618819776715,213.561403508772,0,1
1,1,33.501387434555,9.46282722513089,17.9803664921466,357.553664921466,13.488219895288,0,1
0,3,99.5077764565993,22.1689655172414,22.1689655172414,300.017835909631,300.017835909631,0,1
0,2,45.0729749631811,27.3,27.3,529.385861561119,518.979381443299,0,1
1,3,91.8084282178218,9.85730198019802,23.0707920792079,143.490099009901,71,0,0
1,1,33.4303680203046,8.9002538071066,17.1931472081218,463.573604060914,17.3616751269036,1,0
1,1,35.9703443708609,9.41086092715232,18.5198675496689,360.098013245033,13.4185430463576,1,0
1,1,59.1783790849673,2.43307189542484,16.7407843137255,528.726797385621,34.9202614379085,1,0
1,3,90.0032697201018,9.38282442748092,22.157251908397,152.989821882952,71.6246819338423,0,1
0,1,85.489798488665,21.1046599496222,23.2498740554156,302.646095717884,297.915617128463,0,1
0,3,83.2676880530973,0.3,21.2,114.356194690265,41,0,0
0,1,89.9791884816754,20.4405759162304,26.9316753926702,265.185863874346,222.185863874346,0,0
1,1,67.7220936280884,8.85461638491547,24.6674902470741,270.172951885566,6.20676202860858,0,0
1,3,83.8045454545454,0.673614190687361,21.520066518847,131.268292682927,43.350332594235,0,0
1,2,40.7283523447402,7.8936628643853,17.8089987325729,823.888466413181,45.7604562737643,1,0
0,1,72.6532025316456,-2.6653164556962,9.21582278481012,214.507594936709,187.473417721519,1,0
0,3,99.3524399038462,22.0854567307692,22.0854567307692,300.581730769231,300.581730769231,0,1
0,3,92.4220436280138,18.2948335246843,18.2948335246843,304.671641791045,304.671641791045,1,0
1,3,67.4808993288591,8.12335570469799,24.0079194630872,255.479194630872,10.9181208053691,0,0
0,3,89.1897432762836,18.7232273838631,18.7232273838631,337.68337408313,337.68337408313,1,0
0,3,141.029937984496,9.42658914728682,9.72658914728682,164,156,1,0
0,1,76.9544866385373,23.8,24.7663853727145,139.617440225035,120,0,0
0,2,95.8918831942789,20.7052443384982,20.7052443384982,247,247,0,0
1,3,37.043530927835,9.47693298969072,18.8501288659794,345.827319587629,12.4987113402062,0,1
0,2,76.9233461047254,18.0375478927203,19.7994891443167,287.504469987229,277.182630906769,1,0
1,2,81.9918933054393,11.3138075313808,17.7529288702929,119.094142259414,100.912133891213,0,0
0,1,14.8667207792208,26.3589285714286,27.1840909090909,1073.22077922078,519.850649350649,1,0
0,1,46.9677339181287,27.1513157894737,27.1513157894737,522.976608187135,522.976608187135,0,1
1,1,64.2147894736842,5.57552631578947,20.8739473684211,430.722368421053,23.8947368421053,1,0
0,1,42.9917967599411,27.2727540500736,27.3,654.458026509573,653.826215022091,0,1
0,1,109.900284738041,19.4138952164009,21.3916856492027,340.331435079727,337.703872437358,0,0
0,1,54.500476900149,26.0970193740686,28.8372578241431,323.065573770492,246.44262295082,0,0
1,2,81.5116395112016,14.3266802443992,16.5292260692464,158.489816700611,141.487780040733,0,0
0,1,70.602286115007,9.7,26.2018232819074,432.625525946704,312,0,0
0,3,107.174060066741,18.4185761957731,19.6185761957731,278.002224694105,275.002224694105,0,1
0,1,115.505616862988,11.0209547427154,11.0209547427154,206.233106013639,206.233106013639,0,0
0,1,46.8960349854227,27.2026239067055,27.2026239067055,523.258017492711,523.258017492711,0,1
0,3,141.353333333333,9.38100775193798,9.68100775193798,164.317829457364,155.577519379845,0,0
0,3,60.6792605633803,26.7816901408451,26.9816901408451,547.992957746479,542.859154929577,0,1
0,3,83.1301216814159,0.611504424778761,21.3693584070796,113.075221238938,42.2577433628319,0,1
1,1,51.3626538461538,8.2801282051282,21.1157692307692,339.958974358974,14.975641025641,1,0
1,2,56.7031010928962,10.6829234972678,24.5013661202186,231.938524590164,25.0095628415301,0,1
0,3,76.3586153846154,24.3,24.3,367.930769230769,367.930769230769,0,0
0,3,150.836385135135,10.3943130630631,13.4634572072072,155.064189189189,149.048986486486,1,0
0,2,79.7622461538461,14.2811282051282,16.8011282051282,157.09641025641,139.134358974359,0,0
0,1,44.0895476190476,27.5,27.5,611.033333333333,595.7,0,0
1,3,30.6707086614173,10.2262467191601,17.5654855643045,511.48687664042,16.4803149606299,0,0
0,1,110.425547520661,16.5455578512397,18.9,152.886363636364,132,0,0
0,1,109.503874407583,20.0710900473934,22.0473933649289,336.009478672986,335.292654028436,0,0
0,1,114.685895522388,16.9392324093817,19.4816631130064,202.020255863539,192.040511727079,0,0
1,3,48.3211594202899,4.90797101449275,16.7756728778468,541.509316770186,133.808488612836,0,1
0,2,62.4132142857143,18.5597142857143,26.9442857142857,396.45,396.425714285714,1,0
0,2,93.8540760869565,-3.52652173913043,17.4820652173913,341.122826086957,265.86847826087,0,1
0,3,92.6917257683215,17.1569739952719,19.3269503546099,297.875886524823,297.289598108747,1,0
0,3,105.152605932203,15.4040254237288,16.4779661016949,295.258474576271,292.207627118644,0,1
0,1,84.8346045918367,23.5205357142857,23.5205357142857,301.69387755102,301.69387755102,0,0
0,2,96.2059433962264,-4.90157232704403,16.6,325.076519916143,264,1,0
0,1,87.1903191489362,16.0758510638298,18.5589361702128,139,116,0,0
0,1,71.521731301939,9.17229916897507,26.0603878116343,437.439058171745,329.380886426593,1,0
0,3,82.8148168701443,-0.146947835738069,20.5436182019978,143.337402885683,46.1442841287458,0,1
0,1,111.294674751929,16.1112458654906,17.4,314.323042998898,309.340683572216,1,0
0,1,77.4406825232678,-1.47642192347466,17.9100310237849,244.230610134436,114.599793174767,1,0
0,1,84.6089501312336,10.3561679790026,30.1341207349081,41.2112860892388,30.262467191601,0,1
1,1,45.1168994413408,4.70558659217877,15.6565642458101,446.254189944134,82.4944134078212,1,0
0,3,83.5368146503885,0.735183129855716,21.5372918978912,121.538290788013,43.1620421753607,0,1
1,3,91.6300122850123,9.89914004914005,23.0482800982801,149.2542997543,70.4938574938575,0,0
0,1,67.8293758127438,9.13797139141742,24.9305591677503,243.971391417425,5.00520156046814,0,0
0,1,85.7932853717026,1.11438848920863,20.7454436450839,332.712230215827,257.829736211031,0,1
1,2,62.5094360385144,4.88115543328748,19.9936726272352,382.002751031637,31.7372764786795,1,0
0,2,44.6178531855956,13.4626038781163,24.235595567867,139.47783933518,25.1094182825485,0,1
0,1,129.82723659306,13.5672555205047,13.5672555205047,173.965930599369,173.965930599369,0,0
1,3,26.5607788944724,8.50213567839196,14.8714824120603,741.355527638191,63.1520100502513,0,0
1,3,35.6300379266751,9.78634639696587,18.3705436156764,572.505689001264,14.6788874841972,0,1
0,1,74.1095530012771,-3.86360153256705,8.24150702426564,233.085568326948,195.314176245211,0,0
1,2,47.3179861111111,12.91375,24.3659722222222,139.206944444444,22,0,1
0,3,87.4621673003802,6.93599493029151,20.0974651457541,112.595690747782,72.851711026616,0,0
1,1,67.7857908496732,9.06392156862745,24.8819607843137,251.124183006536,5.23660130718954,0,0
0,3,83.201468298109,0.3,21.201446051168,111.511679644049,41,0,1
1,3,62.6176666666667,1.88910256410256,16.6051282051282,625.789743589744,48.8794871794872,1,0
1,3,48.7355282817503,5.1162219850587,16.8408751334045,502.938100320171,87.6093916755603,1,0
1,2,38.8955532994924,4.36020304568528,13.5565482233503,1042.58781725888,213.883248730964,1,0
0,2,97.382661097852,22.1072792362769,22.1072792362769,258.193317422434,258.193317422434,0,1
1,1,83.6051650692226,11.3611288604899,18.65101171459,169.017039403621,127.015974440895,0,0
0,3,104.999350372737,15.5122470713525,16.5862619808307,292.284345047923,290.790202342918,0,1
1,3,36.7348860759494,9.18139240506329,18.1175949367089,557.069620253164,17.7075949367089,1,0
1,3,68.3978874629812,-2.74254689042448,14.0390918065153,476.62783810464,138.494570582428,1,0
1,2,50.6381502086231,11.9004172461752,24.190264255911,172.808066759388,19.2962447844228,0,1
1,1,28.9536936936937,9.43191763191763,16.724453024453,441.826254826255,16.6718146718147,1,0
1,1,51.7010053619303,11.613672922252,24.1398123324397,186.356568364611,19,0,1
0,2,112.914026610644,10.9644957983193,10.9644957983193,157.285714285714,157.285714285714,0,0
0,3,83.4108738938053,0.667588495575221,21.4714601769912,118.649336283186,43,0,1
0,2,93.6648099891423,-3.41357220412595,17.5,339,264.067318132465,0,1
1,2,43.9433884297521,13.4407713498623,24.0442148760331,129.593663911846,27.8388429752066,0,0
1,3,39.5977672530447,11.0629228687415,20.6951285520974,303.94451962111,8.87686062246279,0,0
0,2,80.4088536335721,14.5451381780962,16.7452405322416,155.490276356192,138,0,1
1,2,42.8168021680217,13.3773712737127,23.7509485094851,125.506775067751,28.2059620596206,0,0
0,2,43.6728108108108,13.2921621621622,23.8462162162162,111.82027027027,32.6067567567568,0,1
0,1,114.919445037353,17.1806830309498,19.6903948772679,200.665955176094,191.665955176094,0,0
0,1,114.796378205128,16.9622863247863,19.4806623931624,202,192,0,0
0,3,100.240775862069,22.3,22.3,301.448275862069,301.448275862069,0,1
0,1,85.0377528089888,23.6876404494382,23.6876404494382,300.028714107366,300.028714107366,0,1
0,3,80.3936662106703,21.9491108071135,27.6662106703146,295.169630642955,199.462380300958,0,0
0,1,73.5758027812895,-3.33362831858407,8.67256637168142,225.270543615676,191.389380530973,1,0
0,3,97.0890449438202,0.503707865168539,17.3022471910112,350.096629213483,325.061797752809,1,0
0,1,84.6662878787879,23.6271464646465,23.6271464646465,301.736111111111,301.736111111111,0,1
1,3,40.2899862637363,10.1582417582418,20.0412087912088,358.423076923077,10.217032967033,1,0
1,3,49.3639152759949,7.69640564826701,19.982541720154,632.369704749679,21.6315789473684,0,0
0,2,45.7765,27.3,27.3,532.080882352941,531.010294117647,0,1
0,3,83.0719068736142,0.380709534368071,21.1923503325942,114.406873614191,41,0,1
0,3,83.3008748615725,0.315282392026578,21.2152823920266,115.666666666667,41,0,1
1,1,64.7148741721854,5.84185430463576,21.2382781456954,422.260927152318,21.5986754966887,1,0
0,3,141.434352211016,9.39542280837859,9.69922420480993,164.387897595035,155.395655546936,0,0
0,2,70.3987606837607,23.3650997150997,28.055698005698,279.225071225071,183.068376068376,0,0
0,3,108.992070098576,15.9,17.0176341730559,299.844468784228,298.844468784228,0,0
0,1,81.2981790437436,13.7963377416073,15.9621566632757,158.585961342828,141.585961342828,1,0
0,3,83.3123535911602,0.324198895027624,21.2411049723757,112.024309392265,41,0,0
0,2,107.063961584634,20.5014405762305,22.6012004801921,326.289315726291,321.547418967587,1,0
1,2,36.6760425101215,5.08613360323887,13.7893724696356,1170.33299595142,261.528340080972,1,0
0,2,46.9594152046784,27.1077485380117,27.1077485380117,525.583333333333,525.583333333333,0,1
0,1,82.1404177545692,-2.98929503916449,12.2778067885118,158.282854656223,146.067014795474,1,0
1,1,67.8389030612245,9.14196428571429,24.9343112244898,243.684948979592,5.00637755102041,0,0
0,1,129.828923369221,13.4900569981001,13.4900569981001,173.217226092464,173.217226092464,0,0
0,3,100.000611510791,22.3,22.3,300.195443645084,300.195443645084,0,1
1,1,28.842621231979,9.50013106159895,16.7457404980341,406.736566186107,16.4285714285714,1,0
1,3,70.3900981595092,8.32883435582822,26.0688343558282,556.158282208589,33.3914110429448,0,1
1,3,83.1604761904762,0.485492801771872,21.3427464008859,116.102990033223,42.0509413067553,0,1
0,3,91.6220176544767,9.85195460277428,23.0519546027743,146.145018915511,70.1235813366961,0,0
1,3,90.4625189873418,9.62962025316456,22.4420253164557,148.130379746835,71,0,1
0,3,146.055002953337,13.4049025398701,13.4049025398701,144.084465445954,144.084465445954,1,0
1,1,67.8605423280423,9.11732804232804,24.9199735449735,249.043650793651,5.37830687830688,0,0
0,3,99.0455410225921,21.9960760998811,21.9960760998811,300.847800237812,300.847800237812,0,1
0,3,94.3071215880894,20.6,22.5987593052109,319.20223325062,299.008684863524,0,0
0,2,39.3197325408618,27.6705794947994,27.7,659.153046062407,627.711738484398,0,1
0,1,86.6737271619976,10.4216808769793,23.1,298.308160779537,289.316686967113,0,1
0,3,83.4692128603104,0.3,21.2812638580931,106.69623059867,40.1773835920177,0,0
0,3,96.7193394077449,16.4047835990888,16.4047835990888,321.686788154898,321.686788154898,1,0
1,3,36.7306751592357,9.0828025477707,18.344076433121,508.44203821656,14.0866242038217,0,0
1,1,64.8583180026281,5.9473061760841,21.3500657030223,421.893561103811,21.7227332457293,1,0
0,3,99.245012254902,21.9,21.9,302.259803921569,302.259803921569,0,1
0,3,79.3774935400517,5.01834625322997,23.8790697674419,376.797157622739,333.511627906977,1,0
0,3,140.862535971223,14.6298561151079,14.6298561151079,147.973621103117,147.973621103117,1,0
1,2,46.0045010183299,3.92627291242362,14.9975560081466,943.776985743381,159.391038696538,1,0
0,3,110.309599125364,10.0455539358601,11.3515306122449,144,128,1,0
0,2,94.0612078346028,-3.54406964091404,17.5028291621328,340.507072905332,266.253536452666,0,1
0,3,114.387589413448,9.52296137339056,10.9021459227468,116.209585121602,111.833333333333,1,0
0,2,90.3608491761724,11.2359949302915,22.7788339670469,318.216730038023,290.28010139417,0,1
0,3,84.5044198312236,15.9090717299578,18.3,132,115,0,0
0,3,83.4000996677741,0.63765227021041,21.4698781838317,116.001107419712,42.6057585825028,0,1
0,2,151.552100130039,11.2,12.9,111,102,0,0
1,2,44.2030388219545,13.3773761713521,24.1045515394913,125.262382864793,28.2556894243641,0,1
0,2,84.8865776699029,17.0582524271845,19.6582524271845,169.979368932039,144.979368932039,0,0
0,2,45.4964023494861,27.2832599118943,27.3,536.453744493392,534.444933920705,0,1
1,2,55.5603211991435,2.05867237687366,15.5586723768737,1232.11563169165,158.840471092077,1,0
0,1,95.8380194410693,19.4948967193196,21.4996354799514,265,264,0,0
1,3,46.1259194214876,2.67551652892562,13.9089876033058,1263.46487603306,225.413223140496,1,0
0,2,20.9459649122807,17.6526315789474,17.9840510366826,392.762360446571,207.425837320574,0,1
0,1,82.1253416149068,10.9709627329193,11.5674689440994,212.833074534161,179.833074534162,0,0
0,1,95.529024691358,21.3424691358025,21.3424691358025,263.301234567901,263.301234567901,1,0
1,3,43.3872154471545,3.88394308943089,14.2954268292683,533.215447154471,88.4756097560976,1,0
0,3,83.7529822616408,0.7980044345898,21.6531042128603,123.40022172949,43,0,1
0,1,72.8994289340102,9.14835025380711,11.7799492385787,168.835025380711,166.144670050761,1,0
1,1,33.3141374837873,9.62607003891051,18.1284046692607,306.852140077821,12.7392996108949,1,0
1,3,27.8211870967742,10.3713548387097,17.4069677419355,199.276129032258,8.99870967741935,0,0
0,2,44.8344933920705,27.3367107195301,27.3367107195301,532.898678414097,531.154185022026,0,1
1,3,91.6007843137255,9.85036764705883,23.0503676470588,145.56862745098,70.0049019607843,0,0
0,3,89.2798041615667,7.98543451652387,21.0973072215422,106.742962056304,67.3671970624235,0,0
0,2,78.3209406952965,10.8169734151329,16.940490797546,166.858895705521,146.69427402863,0,1
0,3,99.3787734668335,21.9589486858573,24.352816020025,354.568210262828,326.385481852315,0,0
1,1,54.9351612903226,3.24259962049336,13.6449715370019,1090.0009487666,301.822580645161,1,0
0,2,72.8662216288385,5.83150867823765,21.3050734312417,380.684913217624,361.213618157543,1,0
1,1,53.0022018348624,3.94243119266055,16.8675458715596,557.884174311927,132.987385321101,0,1
0,1,70.5955153203343,9.7,26.2,432.948467966574,312.140668523677,0,0
0,3,146.853680800942,13.9597762073027,13.9597762073027,141.726148409894,141.726148409894,1,0
1,1,44.4488957688338,4.80856553147575,15.5155830753354,426.230134158927,80.3642930856553,1,0
0,1,71.3813986013986,9.32923076923077,26.1644755244755,436.502097902098,327.20979020979,1,0
0,2,84.0803717948718,19.6679487179487,21.660641025641,295.39358974359,289.423076923077,1,0
1,1,65.2027530364372,5.45384615384615,20.8994601889339,262.564102564103,31.6302294197031,0,0
0,3,91.0146107055961,9.8,22.8474452554745,150.832116788321,70.0742092457421,0,1
1,2,56.6817227456258,10.693001345895,24.5012113055182,231.745625841184,25.0269179004038,0,1
1,2,35.9346169354839,5.4077620967742,13.9378024193548,1228.71673387097,306.535282258065,1,0
1,3,39.3466319895969,8.69947984395319,18.6308192457737,593.856957087126,19.7750325097529,0,1
0,1,50.333869047619,24.924255952381,27.4583333333333,362.864583333333,278.169642857143,0,1
0,2,78.9781818181818,12.9356486210419,16.6590398365679,159.729315628192,141.256384065373,1,0
1,2,58.5808996088657,8.2606258148631,22.9885267275098,266.285528031291,5.79530638852673,0,1
1,3,48.5812849740933,5.06248704663212,16.6875647668394,561.390673575129,93.8694300518135,0,1
1,1,31.8377849740933,9.51139896373057,17.6156735751295,396.977979274611,14.5025906735751,1,0
0,2,129.724742574257,17.6348514851485,17.6348514851485,233.688118811881,233.688118811881,1,0
1,1,53.0210998990918,3.44863773965691,16.5,632.905146316852,167.380423814329,0,1
0,3,81.7605858585858,-4.90747474747475,15.5156565656566,168.731313131313,140.418181818182,1,0
0,1,64.7725562913907,5.90966887417219,21.2933774834437,423.217218543046,22.1602649006623,1,0
0,1,66.7274936386768,7.33422391857506,24.1526717557252,284.241730279898,7.66666666666667,0,0
0,2,85.9292173913044,10.7420652173913,13.3666304347826,161.809782608696,146.678260869565,0,0
0,1,145.119770408163,7.71112244897959,7.71112244897959,113.016836734694,113.016836734694,0,0
0,1,139.119015429831,13.6682586333578,13.6682586333578,156.781778104335,156.781778104335,1,0
0,1,43.6325194401244,28.2328149300156,28.7802488335925,409.323483670295,363.55365474339,0,1
0,1,47.4246309696093,27.1063675832127,27.1063675832127,520.507959479016,520.507959479016,0,1
0,2,48.7356593406593,12.8256868131868,24.6134615384615,147.526098901099,18.1799450549451,0,1
0,1,15.5350081300813,26.3788617886179,27.3856910569106,1174.41300813008,575.138211382114,0,0
1,3,37.3010829103215,6.24991539763113,13.5285956006768,693.414551607445,209.639593908629,1,0
0,2,95.9057651245552,20.814590747331,20.814590747331,245.130486358244,245.130486358244,0,1
1,3,81.3483498759305,-2.45856079404467,16.5022332506203,231.843672456576,103.759305210918,1,0
0,3,93.1715260115607,17.0072832369942,19.1672832369942,301.383815028902,300.783815028902,1,0
1,3,28.9038259668508,10.657044198895,17.874861878453,316.694751381216,7.2085635359116,0,0
0,2,45.2655964653903,27.2817378497791,27.2817378497791,539.817378497791,534.917525773196,0,1
0,3,83.9041878453039,0.200331491712707,21.338453038674,110.461878453039,40.8718232044199,0,1
1,3,70.3824452554744,8.29768856447688,25.9941605839416,531.599756690998,32.9403892944039,0,0
0,1,88.2349334945587,0.271946795646917,20.5850060459492,327.929866989117,271.742442563483,0,1
1,2,51.8884507042254,3.92726358148893,16.413078470825,558.439637826962,113.569416498994,0,1
1,2,39.0990728476821,6.17168874172186,13.4826158940397,1105.88741721854,406.667218543046,1,0
0,3,99.5445048309179,22.1335748792271,22.1335748792271,300.66425120773,300.66425120773,0,1
0,2,61.834841954023,26.7745689655172,27.0745689655172,538.770114942529,523.010057471264,0,1
1,1,57.6141767068273,6.35006693440429,20.3195448460509,378.542168674699,48.4805890227577,1,0
1,3,69.7723663101604,8.77098930481284,25.2140374331551,310.582887700535,11.1550802139037,0,0
0,1,141.151930294906,7.3056836461126,7.90739946380697,110.055764075067,88.0278820375335,0,0
0,3,83.2428634850167,0.464039955604884,21.3214206437292,116.954495005549,41.4950055493896,0,1
0,3,83.4239289678135,0.3,21.2803551609323,108.997780244173,40.7558268590455,0,1
1,1,43.4876086956522,8.73401534526855,19.6572890025576,414.916879795397,14.9219948849105,1,0
0,1,94.7531565967941,20.6934648581998,22.673859432799,315.628853267571,298.147965474723,0,1
0,3,98.9990591073583,22.0430639324487,22.0430639324487,299.349819059107,299.349819059107,0,1
0,3,108.866800870511,15.8051142546246,17,300.609357997824,299.526659412405,0,0
0,1,97.4475245365322,0.903925845147219,17.3802617230098,319.291166848419,266.62159214831,1,0
1,2,35.1128852838934,5.7008111239861,13.8508690614137,1299.27578215527,322.011587485516,1,0
1,1,56.7486188579017,0.539176626826029,14.3243027888446,390.899070385126,39.8911022576361,1,0
0,3,99.6102386934673,22.0917085427136,24.4917085427136,354.164572864322,325.556532663317,0,0
0,2,47.9329945054945,13.1990384615385,24.7,136.968406593407,20.342032967033,0,1
0,1,83.4049808429119,23.4997445721584,23.4997445721584,303.23754789272,303.23754789272,0,1
0,3,99.1937254901961,22.1302696078431,22.1302696078431,300,300,0,1
1,3,87.7875151515152,8.20436363636364,20.749696969697,186.922424242424,80.990303030303,0,1
0,1,137.960422740525,13.7850583090379,13.7850583090379,154.169096209913,154.169096209913,1,0
0,2,20.6741573033708,16.461797752809,17.2807383627608,529.067415730337,255.881219903692,0,1
0,3,91.6077930174564,9.85261845386534,23.0526184538653,146.725685785536,70.5586034912718,0,0
0,2,44.789793814433,27.2,27.2,555.291605301915,549.045655375552,0,1
1,3,29.4132142857143,10.4720663265306,17.5540816326531,477.735969387755,14.4553571428571,0,1
1,2,42.9046567967698,13.2709286675639,23.6707940780619,125.728129205922,28.8290713324361,0,1
1,3,37.4234133333333,11.5958666666667,20.7270666666667,303.22,7.072,0,1
0,3,76.1413624338624,24.0308201058201,24.5428571428571,368.441798941799,365.23544973545,0,0
1,3,47.9363341968912,7.91049222797928,19.5045336787565,335.040155440415,15.7642487046632,1,0
0,2,86.5729545454545,10.5577922077922,13.1127705627706,160.536796536797,145.957792207792,1,0
1,1,57.9632127955494,6.2115438108484,20.2824756606398,383.261474269819,49.961057023644,1,0
0,2,44.819617083947,27.2,27.3,544.044182621502,528.179675994109,0,0
0,1,51.9004794520548,11.7708219178082,24.3752054794521,175.613698630137,19,0,1
1,2,53.73868,3.4759,16.5627,542.085,128.833,1,0
0,1,96.3711111111111,21.6506571087216,21.6506571087216,260.804062126643,260.804062126643,0,1
0,3,99.9202517985611,22.036690647482,22.036690647482,303.016786570743,303.016786570743,0,0
0,1,73.2550631313131,-3.15542929292929,8.82853535353535,222.090909090909,190.458333333333,1,0
0,2,95.9762332928311,20.7952612393682,20.7952612393682,245.185905224787,245.185905224787,0,1
0,3,82.7697009966777,0.392469545957918,21.12569213732,111.797342192691,41,0,1
0,3,82.3846614872364,0.477247502774695,21.1521642619312,97.9211986681465,40.69256381798,0,0
1,2,45.1200835654596,13.0813370473538,24.000417827298,131.284122562674,28.9220055710306,0,1
1,2,44.363612244898,3.80408163265306,14.4745918367347,994.668367346939,176.085714285714,1,0
0,1,87.472697228145,16.1973347547974,18.7158848614073,141.955223880597,116.750533049041,0,0
0,3,89.3663417305586,2.28302300109529,17.0153340635268,328.892661555312,237.100766703176,1,0
0,1,78.5408273009307,11.2,17.6664943123061,149.99689762151,126.99689762151,0,0
1,2,41.2656267409471,12.841922005571,23.1061281337047,168.026462395543,12,0,0
0,2,106.843600844773,16.770116156283,16.770116156283,293.498416050686,293.498416050686,0,1
0,2,98.325929304447,17.7142531356899,17.7142531356899,315.299885974915,315.299885974915,1,0
0,2,82.4779216043756,10.2236098450319,10.2236098450319,229.482224247949,229.482224247949,1,0
1,3,90.9871113831089,9.8,22.8370869033048,150.78335373317,70.0281517747858,0,1
1,2,52.354751552795,4.02996894409938,16.8173913043478,472.787267080745,102,1,0
1,1,61.5096495956873,5.45592991913747,20.155525606469,349.394878706199,48.9595687331536,1,0
0,1,50.7355838323353,25.7467065868263,28.1914670658683,276.802395209581,189.570359281437,0,0
1,3,33.2499025578563,7.48489646772229,15.5807551766139,763.093788063337,61.7490864799025,1,0
1,2,35.7952178318136,5.33860182370821,13.8139817629179,1196.16514690983,274.087132725431,1,0
0,2,110.721466666667,16.6662222222222,17.9417777777778,309.648888888889,298.675555555556,1,0
0,2,140.903897515528,9.33509316770186,9.7,166,158,0,0
0,2,148.195679910464,10.4739227756016,13.5739227756016,155.956911024063,148.956911024063,0,0
0,2,53.3181647398844,26.7073699421965,26.7073699421965,544.193641618497,544.193641618497,0,1
0,3,100.619551282051,22.2929487179487,24.7225641025641,355.45641025641,325.526923076923,0,0
0,3,99.3587356321839,18.5068965517241,19.617816091954,287.333333333333,285.794252873563,1,0
0,3,83.2146792035398,0.4,21.2648230088496,114.318584070796,41,0,1
1,1,34.6598838709677,9.31974193548387,18.1107096774194,386.708387096774,14.2425806451613,1,0
1,3,43.2693358876117,8.75696040868455,19.5596424010217,564.563218390805,18.9386973180077,0,1
0,3,90.814896969697,9.75987878787879,22.7561212121212,148.424242424242,70,0,1
0,1,95.6914145141452,19.4,21.4,263.9975399754,263,0,0
1,2,39.8956719367589,5.83399209486166,13.3333992094862,946.808300395257,358.316205533597,0,0
1,1,55.7584640883978,3.88033149171271,17.6602209944751,728.802209944751,114.002209944751,1,0
1,1,43.7988205128205,4.86923076923077,15.3548717948718,406.634188034188,81.1504273504273,1,0
1,1,38.6008465608466,9.24550264550265,19.015873015873,394.309523809524,13.6322751322751,1,0
1,1,31.4809266409266,9.51698841698842,17.4383526383526,473.048906048906,14.8944658944659,1,0
0,1,52.5927518796992,25.6730827067669,28.1291729323308,487.993984962406,369.70977443609,0,0
0,3,92.4146599496222,9.86372795969773,23.1235516372796,138.724181360202,69.9886649874056,0,0
0,2,60.2851375,8.6,23.8955,264.32875,9,0,1
1,3,42.3555039787798,5.40742705570292,13.1080901856764,839.545092838196,349.559681697613,1,0
1,1,64.8559186351706,5.9249343832021,21.3446194225722,420.96719160105,21.4580052493438,1,0
1,3,23.7290382081686,11.0386034255599,17.031093544137,300.555994729908,32.8379446640316,0,1
0,2,146.449093619559,10.7545020870602,13.3273703041145,186.892069171139,179.438282647585,1,0
0,1,87.5963076923077,0.499644970414201,20.5959763313609,329.944378698225,270.640236686391,0,0
1,2,80.8136020408163,14.3617346938776,16.5617346938776,154.59387755102,137.644897959184,0,1
0,3,106.785406797116,16.9,19.2,147.020597322348,127.020597322348,0,0
0,1,73.2302510460251,13.3,31.9,30.4309623430962,21,0,1
0,1,85.0252075471698,23.191320754717,23.191320754717,283.647798742138,283.647798742138,0,1
1,2,78.9353306613227,16.9313627254509,19.0488977955912,89.8777555110221,86.9849699398797,0,1
0,2,87.0206295620438,12.8910583941606,12.8910583941606,210.534671532847,210.534671532847,1,0
0,1,86.5119804400978,0.772249388753056,20.5844743276284,332.460880195599,267.116136919315,0,1
0,3,83.2412928176796,0.4,21.2510497237569,114.683977900552,41,0,1
0,3,146.128730729702,8.1483556012333,8.1483556012333,112.748201438849,112.748201438849,0,0
0,3,144.46460495283,12.6985849056604,12.6985849056604,147.202240566038,147.202240566038,1,0
0,3,82.5846153846154,0.580602006688963,21.2447045707915,102.823857302118,41,0,1
1,3,40.716393442623,8.75081967213115,18.9761664564943,575.495586380832,19.0353089533417,0,0
1,3,37.3013757961783,8.6487898089172,17.6299363057325,694.742675159236,24.6611464968153,1,0
1,1,41.4005781865966,8.30210249671485,18.477135348226,469.758212877792,16.9842312746386,1,0
0,3,88.7873267326733,7.66559405940594,20.7712871287129,105.444306930693,68.7722772277228,0,0
1,2,52.9726595744681,7.59109042553191,20.6288563829787,436.92420212766,29.7313829787234,0,0
0,2,96.9876344086022,21.8900836320191,21.8900836320191,260,260,0,1
0,1,73.4395603015076,9.76708542713568,12.1670854271357,165.638190954774,163.256281407035,1,0
0,1,85.2044010088272,21.2330390920555,23.4244640605296,302.394703656999,299.959646910467,0,1
1,1,55.9073844121532,-0.320871862615588,13.2853368560106,370.840158520475,42.8824306472919,1,0
0,2,49.1426564673157,13.0866481223922,24.9712100139082,143.776077885953,17.0166898470097,0,1
1,3,36.7364803049555,9.48297331639136,18.8059720457433,362.137229987293,13.0406607369759,0,1
1,1,55.5221808510638,-0.272739361702128,13.2740691489362,379.235372340426,42.3218085106383,1,0
0,2,82.3081066945607,11.2911087866109,17.7305439330544,115.713389121339,97.7133891213389,0,1
1,2,47.9499454297408,13.1968622100955,24.7,137.174624829468,20.1514324693042,0,1
0,2,87.8159002169197,11.6614967462039,14.1323210412148,151.147505422994,135.701735357918,0,0
1,3,65.734742014742,4.20749385749386,20.2727272727273,709.272727272727,43.2125307125307,1,0
0,3,113.146666666667,10.5303347280335,10.5303347280335,147.064156206416,147.064156206416,1,0
0,3,82.3476811594203,0.452842809364548,21.1001114827202,100.725752508361,41,0,1
0,2,52.8983908045977,26.6510057471264,26.6510057471264,530.104885057471,530.104885057471,1,0
0,1,16.1699355877617,20.2911433172303,22.9070853462158,756.148148148148,328.12077294686,0,0
0,1,108.0128,20.5156363636364,22.5364848484849,325.682424242424,322.878787878788,0,0
0,1,67.5311723163842,10.6,26.3911016949153,458,357,0,0
0,3,83.9537389380531,0.265154867256637,21.4,106.965707964602,40,0,0
0,1,52.8007291666667,26.056994047619,28.6730654761905,327.497023809524,246.883928571429,0,1
0,1,79.6743608247423,11.8786597938144,18.2561855670103,138.757731958763,116.368041237113,0,0
1,2,62.5853299492386,6.70444162436548,22.4341370558376,610.689086294416,16,1,0
0,1,50.1342684766214,25.5395173453997,27.1641025641026,466.374057315234,367.89592760181,0,0
1,1,29.3324804177546,9.94712793733681,17.4501305483029,300.391644908616,11.0600522193212,0,1
0,2,39.3904051565378,27.6,27.6648250460405,651.53591160221,616.257826887661,0,1
1,3,90.2875969962453,9.46458072590739,22.4444305381727,155.450563204005,71.3992490613267,0,1
0,1,86.9571272727273,0.598060606060606,20.4938181818182,332.962424242424,271.826666666667,0,0
0,1,44.0280029368576,27.4051395007342,27.4051395007342,616.123348017621,615.331864904552,0,1
1,3,83.3393895671476,0.330410654827969,21.2460599334073,112.782463928968,41,0,0
1,1,50.6613961038961,3.79123376623377,16.1824675324675,526.701298701299,94.211038961039,1,0
0,2,88.7187747524752,19.6152227722772,21.5288366336634,312.826732673267,296.012376237624,0,0
1,3,90.4004727272727,9.61466666666667,22.4146666666667,145.698181818182,70.0775757575758,0,1
0,3,83.0623946784923,0.439467849223947,21.2466740576497,115.847006651885,41.9534368070953,0,1
0,1,46.4507278020378,27.3,27.3,534.206695778748,534.206695778748,0,1
0,1,95.5451318944844,21.3597122302158,21.3597122302158,262.073141486811,262.073141486811,1,0
0,1,71.5852908587258,9.14847645429363,26.0126038781163,438.461218836565,332.608033240997,1,0
1,3,60.8952398989899,0.79949494949495,15.1270202020202,561.603535353535,54.2941919191919,1,0
1,3,90.9948936170213,9.8,22.8226533166458,148.904881101377,70,0,1
1,3,25.4712355212355,10.5763191763192,16.7710424710425,320.4851994852,14.1428571428571,0,1
0,3,59.1776878612717,27.3559248554913,27.5338150289017,475.380057803468,474.728323699422,0,1
0,3,82.369534368071,0.498780487804878,21.1088691796009,101.680709534368,41,0,1
0,2,93.6383405172414,-3.4625,17.461099137931,340.217672413793,265.165948275862,0,1
0,1,86.2163657957245,1,20.7407363420428,329.83135391924,259.040380047506,0,1
0,2,22.8143381180223,19.7980861244019,20.5980861244019,469.929824561404,182.910685805423,0,1
1,3,39.6795561357702,8.8,18.7861618798956,501.253263707572,17,0,1
0,3,83.2326688815061,0.40188261351052,21.2961240310077,117.325581395349,41.0730897009967,0,1
0,1,52.8029190751445,26.7260115606936,26.7260115606936,526.560693641619,526.560693641619,1,0
0,2,62.8611237553343,14.049786628734,26.9,396.24466571835,396.24466571835,1,0
1,3,43.8199117387467,4.94986760812003,12.9924095322154,788.409532215357,320.88614298323,1,0
0,2,83.145079533404,13.476882290562,15.9415694591728,122.515376458112,107.515376458112,0,0
0,2,80.9136230366492,12.2731937172775,15.1995811518325,129.130890052356,108.305759162304,0,0
1,1,28.2775839793282,10.1547803617571,17.3257105943152,401.450904392765,12.0348837209302,0,1
1,1,55.5420026350461,-0.0685111989459816,13.5057971014493,401.121212121212,42.4426877470356,1,0
1,2,50.8344897959184,3.03845327604726,15.3493018259936,1168.11922663802,177.525241675618,1,0
0,2,45.040353460972,27.3,27.3,528.671575846834,509.935198821797,0,1
0,2,85.4537531486146,20.6527707808564,22.6777078085642,284.959697732997,280.574307304786,1,0
1,1,31.3258355091384,9.75313315926893,17.6992167101828,434.742819843342,13.668407310705,1,0
0,1,85.8031696905016,15.9160085378869,18.4160085378869,138.034151547492,114,0,0
1,1,56.6453519256308,1.14475431606906,14.9398406374502,434.625498007968,37.6268260292165,1,0
1,1,31.3443821656051,9.60063694267516,17.5814012738854,337.064968152866,13.3248407643312,1,0
1,2,34.8241371681416,5.58329646017699,13.8615044247788,1263.40818584071,319.348451327434,1,0
0,3,147.517741553053,14.2474214582098,14.2474214582098,139.691760521636,139.691760521636,1,0
0,1,80.7022532188841,11.6526824034335,17.6518240343348,162.067596566524,130.062231759657,0,1
1,2,56.0769444444445,1.77083333333333,15.3564102564103,1204.38247863248,155.082264957265,1,0
0,1,85.1688986232791,23.7602002503129,23.7602002503129,299.540675844806,299.540675844806,0,1
0,2,77.0036341161928,-0.413597033374537,11.227935723115,163.072929542645,151.887515451174,1,0
1,1,27.0161568627451,9.54156862745098,16.3252287581699,405.986928104575,17.0496732026144,1,0
1,1,56.7656596306069,0.926385224274407,14.7186015831135,416.370712401055,38.688654353562,1,0
0,2,80.8151681957187,14.3645259938838,16.5645259938838,154.661569826707,137.692150866463,0,1
1,1,30.926735218509,9.51966580976864,17.3541131105398,386.73264781491,14.3508997429306,1,0
0,2,88.1828842105263,16.1043157894737,18.6509473684211,129.195789473684,111.195789473684,0,0
0,3,80.4369127516779,21.9432214765101,27.690067114094,293.538255033557,198.198657718121,0,0
0,3,89.9999226519337,2.30475138121547,17.2201104972376,327.26408839779,235.036464088398,0,1
0,3,98.9859710494572,21.9890229191797,21.9890229191797,299.182147165259,299.182147165259,0,1
1,2,51.6459528907923,3.76370449678801,16.3119914346895,1084.51070663812,168.783725910064,1,0
0,2,83.8968181818182,19.4622474747475,21.4550505050505,297.84595959596,291.262626262626,1,0
0,2,20.3965544871795,17.5012820512821,17.7171474358974,362.309294871795,288.514423076923,0,1
0,2,77.4431895687061,6.39809428284855,12.6268806419258,196.601805416249,175.669007021063,1,0
0,1,85.4173111395646,21.3745198463508,23.5745198463508,299.254801536492,297.866837387964,0,1
0,1,114.973687566419,17.1111583421892,19.6565356004251,201.003188097768,191.996811902232,0,0
0,1,85.6244902912621,1.19405339805825,20.7504854368932,344.992718446602,261.122572815534,1,0
1,1,53.73064,3.3707,16.5187,719.998,191.713,0,0
0,3,73.4651616499443,-0.3,15.2761426978818,430.48717948718,274.860646599777,1,0
0,3,83.4482651933701,0.3,21.3,111.775690607735,41,0,0
0,1,16.1728731942215,18.7361155698234,20.4879614767255,582.345104333868,248.317817014446,0,1
0,2,97.9120761670762,22.1863636363636,22.1863636363636,257.970515970516,257.970515970516,0,1
1,3,83.3981284606866,0.501107419712071,21.3765227021041,119.487264673311,42.9933554817276,0,1
1,1,81.264708886619,13.7827374872319,15.9429009193054,158.689479060266,141.689479060266,1,0
0,2,93.6905658324265,-3.47540805223069,17.4008705114255,340.875952121872,266.102285092492,0,1
0,1,95.6916768665851,21.4987760097919,21.4987760097919,262.823745410037,262.823745410037,1,0
0,2,103.865982694685,21.0092707045735,23.0517923362176,323.814585908529,322.355995055624,0,1
0,2,85.487559912854,9.81840958605665,12.3994553376906,169.191721132898,154.100217864924,0,0
0,2,96.8032487922705,21.7525362318841,21.7525362318841,259.026570048309,259.026570048309,0,1
0,3,83.2260176991151,0.4,21.2731194690266,116.682522123894,41,0,1
1,2,58.5362325080732,1.40193756727664,15.6384284176534,1082.14854682454,122.278794402583,1,0
1,2,81.4695501022495,14.2703476482618,16.4572597137014,154.19018404908,138,0,0
1,2,43.1743994601889,13.4079622132254,23.8595141700405,129.646423751687,27.7112010796221,0,0
0,2,45.1498531571219,27.3,27.3,532.46402349486,514.324522760646,0,1
1,1,57.0555198973042,0.988703465982028,14.8689345314506,410.490372272144,38.5571245186136,1,0
0,1,129.981263492063,13.2528888888889,13.2528888888889,172,172,1,0
0,3,140.847459546926,9.4,9.66100323624596,164,155,0,0
0,1,93.9359367088608,20.7906329113924,22.7,316.90253164557,300.90253164557,0,1
0,3,82.3025157894737,13.3752631578947,15.9752631578947,161.115789473684,138.597894736842,0,0
1,3,69.448857837181,8.49659781287971,25.3205346294046,734.058323207776,37.5528554070474,1,0
0,2,140.85065318818,9.31640746500778,9.7,166.001555209953,158,0,0
0,3,70.4303988603989,22.404415954416,27.2,313.891737891738,230.606837606838,0,0
0,1,85.3292978723404,15.771170212766,18.171170212766,135,116,0,0
0,3,83.2618091009989,0.4,21.2314095449501,116.293007769145,41,0,1
1,1,56.9835131578947,1.07407894736842,14.9201315789474,423.134210526316,38.0921052631579,1,0
1,1,64.0000397877984,5.54615384615385,20.8714854111406,434.631299734748,26.2480106100796,1,0
0,1,115.437747524752,10.9172648514851,10.9172648514851,207.424504950495,207.424504950495,0,0
0,3,109.209775147929,20.1289940828402,22.0299408284024,335.557396449704,334.126627218935,1,0
1,3,91.5933753148615,9.85302267002519,23.0481108312343,147.550377833753,71,0,0
0,1,92.1900502512563,18.4146984924623,21.2146984924623,225.801507537688,192.659547738693,0,0
0,1,83.6839393939394,23.3161616161616,23.3161616161616,306.045454545455,306.045454545455,0,1
0,2,46.3422026431718,27.2406754772394,27.2406754772394,528.894273127753,528.894273127753,0,1
1,3,32.6803337969402,13.3937413073714,20.5002781641168,183.335187760779,6,0,0
0,2,42.7356011730205,27.1972140762463,27.2,633.804985337243,607.788856304985,0,0
1,2,58.7138017565872,8.2,22.9553324968632,271.324968632371,5.27854454203262,0,0
0,1,81.6460165975104,14.7473029045643,17.2692946058091,211.643153526971,166.304979253112,0,0
0,1,20.5498874598071,27.7860128617363,28.4739549839228,590.488745980707,230.790996784566,0,1
0,1,94.3538805970149,20.8932835820896,22.8932835820896,313.970149253731,296.970149253731,0,1
0,2,121.271328451883,16.9823221757322,19.4582635983264,211,209,0,0
0,2,97.5355675029869,22.1303464755078,22.1303464755078,260,260,0,1
1,2,57.2389304812834,2.8896256684492,16.7863101604278,1277.26844919786,144.119786096257,1,0
0,2,42.3164197530864,13.4230452674897,23.6946502057613,138.556927297668,25.0987654320988,0,0
0,1,90.2169671132765,17.5596833130329,19.6771010962241,314.019488428745,312.697929354446,1,0
1,1,28.0817169069463,9.53997378768021,16.6250327653997,426.954128440367,16.2503276539974,1,0
0,3,99.3442962056304,22.1545899632803,22.1545899632803,300,300,0,1
1,1,67.7281266149871,8.86149870801034,24.7138242894057,265.395348837209,6.09302325581395,0,0
0,1,70.7061711079944,9.7,26.2162692847125,432.918653576438,312.256661991585,0,0
0,2,115.265762527233,21.1,21.1,309.713507625272,309.713507625272,0,1
0,2,81.517743902439,14.2776422764228,16.4776422764228,154.365853658537,138,0,0
0,3,83.2274336283186,0.4,21.2899336283186,113.619469026549,41,0,1
1,3,34.5092550505051,9.75315656565657,18.4787878787879,368.545454545455,12.0151515151515,0,1
1,1,48.7951874366768,3.6047619047619,15.5109422492401,533.03242147923,158.905775075988,1,0
0,2,45.3309838472834,27.2,27.2,541.337738619677,539.192364170338,0,1
1,2,35.0762540021345,5.51995731056563,13.8361792956243,1275.2924226254,318.845250800427,1,0
1,3,69.1313032886724,7.86175395858709,24.6696711327649,767.797807551766,40,1,0
0,3,82.3837888888889,0.5,21.0984444444444,98.4277777777778,41,0,0
0,1,87.3530383795309,16.1992537313433,18.7051172707889,140.313432835821,115.643923240938,0,0
1,2,51.4569817400644,3.22298603651987,15.7228786251343,1162.21482277121,174.444683136412,1,0
0,1,87.5272208737864,0.352669902912621,20.4305825242718,335.097087378641,276.89927184466,1,0
0,3,100.277491039427,22.2,22.2,300.971326164875,300.971326164875,0,1
0,1,115.535346964064,10.9513011152416,10.9513011152416,208.113382899628,208.113382899628,0,0
0,3,140.75189628483,9.4,9.63320433436532,164.222910216718,156.222910216718,0,0
0,3,83.337046460177,0.3,21.2,117.08517699115,41,0,1
0,2,94.1500432432432,-3.54518918918919,17.5050810810811,340.44972972973,265.44972972973,0,1
0,1,114.878964781217,17.049946638207,19.6004268943437,201.442902881537,192.004268943436,0,0
1,2,55.967532051282,2.16207264957265,15.7392094017094,1230.98504273504,155.504273504273,1,0
1,3,44.8909899749373,8.87406015037594,20.1848370927318,452.987468671679,13.3646616541353,0,0
1,3,40.1489206762029,9.27373211963589,19.4455136540962,351.429128738622,12.8270481144343,1,0
0,1,129.726395422759,13.5141131595677,13.5141131595677,173.8270820089,173.8270820089,0,0
1,1,65.1716888297872,6.16476063829787,21.7011968085106,410.857712765958,24.5093085106383,1,0
0,1,84.9594318181818,23.2257575757576,23.2257575757576,293.433080808081,293.433080808081,0,1
0,1,85.1420790816327,23.6269132653061,23.6269132653061,299.269132653061,299.269132653061,0,1
0,1,109.922290249433,19.4473922902494,21.3929705215419,339.731292517007,337.289115646258,0,1
1,1,37.6050783289817,8.30248041775457,17.4668407310705,502.924281984334,18.8616187989556,1,0
0,3,75.650464516129,24.3694193548387,24.3694193548387,373.261935483871,373.261935483871,0,0
0,1,94.7483838383838,20.6275252525253,22.6127525252525,314.087121212121,298.056818181818,0,1
0,2,46.4378550724638,27.2213043478261,27.2213043478261,528.349275362319,528.349275362319,0,1
0,2,51.2888888888889,3.09061488673139,15.5642934196332,1172.19309600863,175.636461704423,1,0
0,2,110.697897664071,16.784872080089,18.0139043381535,308.58064516129,297.354838709677,0,0
0,1,88.4918795180723,0.274457831325301,20.645421686747,324.718072289157,268.91686746988,0,1
0,3,97.2862992125985,0.737795275590551,17.5858267716536,345.035995500562,318.635545556805,1,0
0,1,70.8000849858357,22.300566572238,27.1028328611898,330.961756373938,249.508498583569,0,1
0,1,96.0243253012048,21.5,21.5,261,261,0,1
0,2,46.7956954612006,26.8865300146413,26.8865300146413,498.556368960469,483.587115666179,0,0
0,2,30.3910410094637,21.0750788643533,21.4578864353312,303.630914826498,213.794952681388,0,0
0,1,84.7953424657534,23.7793275217933,23.7793275217933,299.772104607721,299.772104607721,0,1
0,3,83.2480022197558,0.307769145394007,21.2492785793563,102.980022197558,40,0,1
0,1,115.419950433705,10.9547087980174,10.9547087980174,206.767038413879,206.767038413879,0,0
0,1,84.6163358778626,23.3745547073791,23.3745547073791,302.030534351145,302.030534351145,0,1
1,1,53.0796770833333,-0.187395833333333,12.7060416666667,1055.83333333333,238.74375,1,0
0,2,121.211778242678,16.9455020920502,19.4312761506276,211.008368200837,209.008368200837,0,0
0,2,24.0049203821656,21.2679936305733,21.8957006369427,673.934713375796,471.891719745223,0,1
0,3,90.5799022801303,12.9767643865364,20.2899022801303,162.108577633008,105.727470141151,0,1
0,3,83.3328903654485,0.300332225913621,21.1897009966777,117.921373200443,41,0,1
0,3,104.691404358354,22.8734866828087,22.8734866828087,312,312,0,0
0,2,120.734142259414,16.6989539748954,19.1252092050209,214,212.01359832636,0,0
1,3,83.0170828729282,0.424419889502762,21.224861878453,115.689502762431,42,0,1
0,3,92.7848906789413,18.4970080552359,18.4970080552359,302.115074798619,302.115074798619,1,0
0,2,20.8434294871795,17.1692307692308,17.9397435897436,490.70032051282,238.357371794872,0,1
0,3,27.7588364779874,21.4520440251572,22.3466981132076,226.084905660377,131.72641509434,0,0
0,3,96.5429007633588,22.4025445292621,24.5403307888041,370.969465648855,347.086513994911,1,0
1,3,67.7541534713764,-1.30341047503045,15.7095006090134,284.884287454324,45.6686967113277,1,0
0,3,106.234530201342,18.1309843400447,19.2906040268456,270.324384787472,266.324384787472,0,0
1,3,34.9318956743003,9.62837150127226,18.5104325699746,351.298982188295,12.2824427480916,0,1
1,1,62.1001940491591,-0.504657179818888,14.8961190168176,464.472186287193,48.9637774902975,1,0
0,2,42.9429467939973,13.3957708049113,23.7860845839018,124.991814461119,28.4160982264666,0,1
1,2,46.4538767123288,13.4,24.6,135.913698630137,24.2205479452055,0,1
0,3,82.3174736842105,10.7551196172249,10.7551196172249,196.712918660287,196.712918660287,1,0
1,3,35.2491085271318,9.9452196382429,18.5021963824289,581.895348837209,14.7609819121447,0,1
0,2,100.071640271493,18.5898190045249,18.5898190045249,308.462669683258,308.462669683258,1,0
0,2,67.4944788732394,26.3985915492958,27.0676056338028,202.767605633803,169.57323943662,0,0
0,1,83.8811621966794,23.3363984674329,23.3363984674329,306.891443167305,306.891443167305,0,1
0,1,87.1927606635071,0.467654028436019,20.4830568720379,333.991706161137,273.984597156398,0,1
0,3,99.9183668341709,22.3879396984925,24.8,351.52135678392,322.048994974874,0,0
0,3,92.5747738095238,16.8085714285714,18.9516666666667,304.607142857143,304.190476190476,1,0
0,1,95.9131105710814,21.5925880923451,21.5925880923451,261.624544349939,261.624544349939,0,0
0,2,22.571233974359,18.9426282051282,20.3235576923077,464.267628205128,173.168269230769,0,0
1,1,41.1715040650407,12.8953929539295,22.9529810298103,157.849593495935,15.520325203252,0,0
1,1,45.0011393692777,4.58718209562564,15.4214649033571,447.792472024415,81.5055951169888,1,0
1,1,42.1410567010309,9.54974226804123,20.2264175257732,315.59793814433,10.2242268041237,0,1
1,2,80.6982581967213,14.4941598360656,16.6907786885246,154.740778688525,137.740778688525,0,1
0,2,120.705094736842,16.9361052631579,19.4,215.044210526316,214,0,0
0,2,20.9586356340289,17.4544141252006,18.1327447833066,458.852327447833,218.921348314607,0,1
0,3,83.1287264673311,0.3,21.1993355481728,109.183831672204,41,0,1
1,2,55.9382188841202,1.75793991416309,15.3471030042918,1206.74678111588,156.206008583691,1,0
0,1,89.9747549668874,22.7929801324503,26.9607947019868,264.006622516556,221.941721854305,0,0
1,2,42.5051851851852,8.98346560846561,19.1376984126984,337.005291005291,13.7314814814815,1,0
0,1,70.6327581329562,22.3158415841584,27.1304101838755,330.328147100424,248.772277227723,0,1
0,3,80.2103283173735,21.8822161422709,27.5868673050616,294.84952120383,199.803009575923,0,0
1,2,55.7078040904198,1.8032292787944,15.3319698600646,1213.08396124865,158.035522066738,1,0
1,2,46.5583610755442,6.37733674775928,17.6478873239437,709.588988476313,36.5416133162612,1,0
0,1,94.0504668304668,20.7550368550369,22.7226044226044,318.773955773956,298.235872235872,0,1
0,1,111.113824175824,16.1025274725275,17.4,314.361538461538,310.308791208791,1,0
1,2,54.0817882117882,2.9965034965035,16.1605394605395,635.154845154845,147.422577422577,1,0
1,1,52.3705761316873,3.44444444444445,16.3131687242798,619.465020576132,172.374485596708,1,0
1,3,82.8031747787611,0.4,21.187278761062,104.066371681416,40.5232300884956,0,1
1,2,23.8759974587039,9.27268106734435,14.7836086404066,942.756035578145,47.010165184244,0,0
0,2,46.4114188267394,13.0896316507503,24.2952251023192,126.725784447476,25.0477489768076,0,1
1,1,31.8530678851175,9.51161879895561,17.6194516971279,397.07180156658,14.5052219321149,1,0
0,3,109.013154435926,15.8142387732749,16.9901423877327,301.484118291347,300.124863088719,0,0
1,3,53.9312719891746,7.21650879566982,20.4990527740189,300.483085250338,14.7577807848444,0,0
1,3,87.5655875,8.06825,20.638125,191.445,82.20625,0,1
0,1,86.5778896882494,1.16294964028777,20.9695443645084,323.938848920863,254.978417266187,0,1
0,3,96.5471501272265,22.4019083969466,24.5202290076336,370.824427480916,347.164122137405,0,0
0,3,83.4894579646018,0.751216814159292,21.5820796460177,117.407079646018,43,0,1
0,1,142.833070017953,14.8765409934171,14.8765409934171,140.774985038899,140.774985038899,1,0
1,1,38.1393112582781,8.64543046357616,18.0133774834437,472.007947019868,17.276821192053,1,0
1,2,50.8344660194175,3.18522114347357,15.5450916936354,1137.87378640777,175.513484358145,1,0
0,1,43.889283625731,27.431432748538,27.431432748538,618.331871345029,612.203216374269,0,1
0,1,130.070958730159,13.1770793650794,13.1770793650794,171.674285714286,171.674285714286,1,0
1,2,80.5921413934426,14.5,16.7,155.893442622951,138.338114754098,0,0
0,2,80.7239915966387,15.3798319327731,17.6798319327731,108.201680672269,93.2016806722689,0,0
